100
6 1 1000000000000000
1 1 1 1 0 100 0
6 1 -100
1 1 1 1 0 100 0
258845 139283 627387940528958
663768414 451249293 204624599 521250506 50317855 411590237 0
500000 125000 125000
1 0 0 1 0 2 0
59062 59062 -84666783590694
632676790 767949069 665626455 321948182 628317725 800122725 0
383053 271435 -549756887318971
751598996 694270888 945295015 916028303 26095983 738039833 0
500000 411804 2531221
4 0 631674146 55429043 559036964 11 0
197617 176012 -170661687294510
525143006 47790551 537375516 530560977 762420801 372402229 0
350497 0 -35877725249371
659697563 659697563 0 0 659697563 1000000000 0
197617 197617 -179312331459136
735297401 63994150 964976225 386833860 366489231 585671187 0
319604 262940 955792990320226
451398416 7596840 775066292 114452654 515024424 564569783 0
410889 388700 -254385280042720
428754804 621591357 111379898 527427907 538463875 537626857 0
319285 24246 862534607779453
60424695 755819771 629326851 987116380 962221785 317530057 0
131656 41592 -607135057927417
723563037 30615059 479778798 847352603 772594143 821786477 0
500000 162105 97990
5 7 786600867 618115887 96033391 11 0
335135 325146 193204355132326
130340302 877926962 464986400 989275067 911437931 507931361 0
288048 0 24696680705967
431911561 431911561 0 0 431911561 1000000000 0
500000 0 356391674764083
644182675 644182675 0 0 644182675 1000000000 0
443 293 69410791985427
827910484 198761532 117294273 80212182 813430533 574764229 0
184073 46641 543261235331703
603877615 258814452 156716353 578840481 566912293 305154727 0
500000 500000 1000000000000000
889262312 6633679 600818079 839975244 217650520 816111945 0
390193 184962 -177170320800801
998876617 957879828 506215382 110112190 767515029 621932199 0
500000 0 -829847960233857
758434245 758434245 0 0 758434245 1000000000 0
452377 0 376968319264263
98752625 98752625 0 0 98752625 1000000000 0
1674 1674 1000000000000000
424700441 461460541 946239757 604770999 863302091 424851963 0
59062 18179 1000000000000000
869827586 197375173 523363665 263203373 461326454 535370547 0
500000 500000 1000000000000000
0 0 0 0 0 1000000000 0
500000 102620 4088083
0 0 186382056 45864949 783697952 11 0
10598 7561 -436415771391361
181883987 27597974 578567328 205846693 808796568 491968095 0
500000 44295 2487580
3 6 394444273 33374689 691888872 11 0
2 2 1000000000000000
1 1 0 0 0 1000000000 0
94950 94950 1000000000000000
729183328 697515515 736860343 846843821 858472694 776153051 0
2 1 1000000000000000
1 1 0 0 0 1000000000 0
434713 28353 -103434644516351
374680216 689908039 812947819 67901382 931544716 323610560 0
500000 243773 1000000000000000
817890716 729657667 311277435 963592507 527772329 928990141 0
500000 0 1000000000000000
1 1 0 1 0 1000000000 0
219710 204669 -964629696922480
260772079 460698047 537645392 408552731 580005075 587650571 0
238641 207605 677710770537228
502851297 45444402 110191843 61861001 145988364 525417187 0
200389 98568 -654417202762942
56816648 403501538 795612606 670227403 333081526 687733422 0
98718 26416 -830973073865833
162186948 838326452 224285005 63070975 956537274 677328851 0
500000 402355 1000000000000000
953645972 63817677 976322208 722711154 609701056 180356171 0
500000 500000 1000000000000000
637786160 594165706 544616626 842217853 513391199 35366861 0
116138 25713 -113905559865519
97780574 247257657 80980205 208889083 887286480 719456455 0
500000 0 629233952600439
729955047 729955047 0 0 729955047 1000000000 0
398974 243127 -47155381613628
961194367 198071909 862848387 900031711 883077040 87095843 0
500000 500000 -992010778319780
571159528 170458721 226034039 971967313 861311206 400566775 0
500000 35823 1000000000000000
467873624 50910289 804505512 813578458 214359935 60207393 0
410844 42855 387831159477978
602919491 233101231 925245511 767083308 462234168 450220239 0
69609 15598 -329234073778713
777260002 424517541 1488289 460484180 328283771 366373125 0
500000 86660 -471140453784456
51911636 894483745 331599434 993958745 669432252 379128201 0
197617 175844 1000000000000000
657675466 496619619 676210904 847472639 630852292 489624747 0
295651 288676 379608443514291
753780330 169032554 832680652 51253749 652992813 879342633 0
54285 20877 -287407509488061
434430721 418483247 743031920 102857289 979713584 451031744 0
500000 500000 73979117065298
553486035 884440520 152523656 352138235 804753568 561724033 0
270298 85798 400370188240527
405239598 502853116 827994658 301647932 382177718 269434015 0
384226 352851 1000000000000000
320258994 723026900 137557984 901765715 693513439 94799657 0
6641 3261 325674667091817
289679409 382550142 682057786 814879133 445134302 486516067 0
63451 39518 203689761267375
751235518 362110841 73466165 483648820 236519246 925506239 0
384226 263513 -768830208934848
328706376 66065606 836443784 904032969 868538075 975524779 0
167944 60885 1000000000000000
894443136 963655486 918094881 728584151 877914939 585003443 0
136780 125787 -658369332039981
880400694 269890323 356881206 520999929 195985043 645060441 0
187343 179621 -440239710655422
753942557 318447096 845841242 468149308 937428216 314922487 0
453845 120004 937414915422767
216429555 723559242 892720909 139935913 694717829 968448789 0
500000 500000 1000000000000000
180700137 244458492 979451359 581657501 585356125 428922345 0
167944 167944 984479859779306
385690228 930534625 261121376 844814397 628154091 930625351 0
337195 257565 341649029895545
77932301 485103492 111107494 20760466 119763464 649782698 0
167944 118710 685071397714249
796223117 221884539 883893609 867531659 608774511 160926581 0
500000 382313 4426831
8 1 831893925 676914717 11148177 11 0
2 0 1000000000000000
1 1 0 0 0 1000000000 0
500000 500000 496908601340585
245683502 591916840 216449158 931110976 751032063 4857715 0
500000 500000 1000000000000000
614219160 384913874 210311178 594847179 116124044 761088227 0
405669 233103 -707323217100820
513494756 597977279 170569767 664487759 661673007 148553561 0
59062 40984 -796182033296326
246115855 963036311 963379988 281315475 645080474 832627357 0
500000 173124 673425440176851
99204249 186956524 372970438 199957304 425151406 658193645 0
409620 16337 611653801041508
670968048 966990582 166195569 893491080 898888028 497978535 0
500000 238581 1000000000000000
301106830 586735410 364180743 324612323 219504600 188734847 0
500000 500000 1000000000000000
999999999 999999999 0 0 999999999 1000000000 0
384226 384226 919556129150150
650478260 587143366 954574060 727046753 936838484 231417415 0
449313 441352 -325525440599577
572499835 171884071 968028125 888367337 796819722 829442003 0
425152 107833 656455106810762
479217916 254387796 662724221 362842997 59715174 846667345 0
500000 0 570567975953642
220020191 220020191 0 0 220020191 1000000000 0
335160 307430 818953207428827
196254243 82519454 627364079 799057544 825690941 716302661 0
440675 255338 983262032990045
895690145 83046687 96759696 897802818 856199258 175264343 0
436287 0 856532695396204
192591065 192591065 0 0 192591065 1000000000 0
352295 251981 -612676196809680
807388471 469622463 168788608 353200396 365398279 833616615 0
500000 466398 354956546668136
370289289 453148280 887090817 564498373 58847958 620710553 0
500000 431725 4202812
6 6 293345105 975824530 213124619 11 0
127824 60171 229836930150939
410464675 869476894 513841583 509960039 349441039 983713969 0
217230 93813 -65596140456081
224704864 676898205 277278289 183466466 451751687 31655351 0
307171 294895 171576570532573
148651685 730311120 908268759 299580734 645004749 679719733 0
342393 23745 822508328754853
964724427 88425996 626543778 48764226 676221669 748980017 0
176575 176575 1000000000000000
313680513 812799716 337645537 451893421 443428820 999348375 0
165170 165170 1000000000000000
712988768 82905604 861861674 742763306 959216657 142163397 0
450358 914 941689142451253
108178893 211646734 675493160 789659885 875806488 851900977 0
500000 498789 444360719862999
734715987 671958873 811812635 640755567 929071963 717783907 0
500000 500000 -523153688745686
388574338 230068474 90356483 589515190 789606833 492510475 0
500000 384292 208335
10 9 295326196 726906875 273953662 11 0
143745 37192 -933465316166293
407949772 291455188 102999002 152725980 828661420 752578865 0
500000 24243 1696976
2 1 930192498 855240543 831264972 11 0
74635 2722 371325603471853
57662840 468397729 698411283 507389981 50698676 846016953 0
