66
24
61 28 30 5 86 70 5 32 86 43 18 15 33 14 72 48 26 61 14 52 93 16 80 5
10
24 5 25 67 97 25 51 5 37 56
27
47 81 94 86 3 60 20 31 68 91 61 95 93 34 68 84 4 43 58 47 46 49 73 38 55 16 60
4
56 92 75 17
19
75 72 44 2 86 93 13 68 83 67 53 8 60 76 6 18 5 34 43
47
48 85 35 31 88 53 91 100 2 84 5 70 38 16 62 18 26 53 6 38 93 43 29 83 100 100 5 64 34 25 33 63 68 65 51 51 39 2 33 60 7 49 55 46 39 19 26
13
100 91 26 94 64 90 79 71 64 65 11 98 12
34
43 100 66 18 89 56 8 26 66 36 59 9 93 64 18 80 100 19 75 14 71 22 29 45 82 77 97 98 71 35 19 71 10 68
37
27 2 51 67 3 33 55 73 49 4 74 77 40 81 84 19 28 100 38 40 8 94 76 24 4 89 54 44 71 4 30 70 52 26 64 93 28
16
8 7 32 95 13 80 98 28 31 52 49 83 24 82 47 41
12
33 44 81 11 71 33 51 1 56 15 81 46
47
33 36 65 63 35 69 25 7 98 46 3 86 92 29 93 73 34 33 76 91 38 77 24 28 10 59 83 10 63 36 64 49 38 36 17 18 67 87 43 62 34 10 45 2 40 10 90
40
60 58 4 25 6 31 34 76 76 56 58 22 50 77 47 71 9 87 20 47 53 3 74 6 74 84 43 87 54 69 90 2 84 29 30 28 42 32 57 8
8
5 12 12 17 23 67 76 28
17
74 15 43 54 75 51 1 64 82 59 37 53 7 21 18 18 92
15
67 66 74 75 90 61 31 89 63 84 62 91 35 40 77
38
10 65 35 13 19 83 43 92 20 22 27 53 23 35 81 60 98 11 56 27 45 76 79 29 11 31 93 78 4 29 20 68 68 83 99 50 7 89
5
74 69 60 85 21
47
56 27 47 47 91 86 14 12 23 40 87 17 9 22 4 76 73 4 64 58 70 77 29 23 43 57 84 61 10 5 58 91 51 72 56 97 38 55 82 13 28 27 15 73 6 90 74
49
57 40 28 18 96 40 81 39 8 71 93 7 41 39 96 88 59 28 51 43 35 8 32 13 85 91 28 26 8 39 20 6 96 79 71 47 53 63 77 49 52 11 69 65 18 76 25 97 68
42
5 52 52 15 93 42 72 36 17 16 20 42 27 35 24 78 55 71 96 61 27 12 82 94 48 79 5 23 76 82 85 20 26 74 19 97 98 99 74 14 5 12
18
83 64 48 13 14 72 35 78 50 38 44 79 98 76 41 30 21 40
8
20 97 1 2 34 47 95 35
8
91 50 29 18 69 86 23 18
30
33 14 19 42 88 6 42 91 14 74 42 70 19 86 18 75 38 73 58 2 81 44 55 67 76 45 92 67 12 30
33
32 16 76 49 38 10 79 76 98 23 24 24 28 75 55 32 63 27 20 89 86 68 41 65 67 55 37 69 55 53 89 80 56
19
14 82 19 37 14 90 94 87 91 87 64 80 47 55 14 33 85 40 20
11
67 90 33 64 23 15 48 37 92 39 52
36
27 36 25 96 3 17 80 62 91 31 86 95 1 48 17 62 43 25 78 20 6 72 26 96 17 79 42 52 80 25 5 46 41 21 79 35
46
81 43 98 28 94 34 26 12 54 50 62 37 80 74 72 16 78 53 52 92 71 9 67 17 4 68 1 87 8 15 37 28 24 26 11 94 4 70 8 93 41 68 91 36 76 55
9
77 31 42 42 49 16 45 79 66
24
28 73 53 17 75 72 18 73 23 100 11 88 11 61 53 38 9 6 93 58 22 91 75 52
26
57 74 83 87 74 78 41 51 70 16 76 78 74 38 12 74 54 58 32 44 69 69 67 74 100 80
36
65 15 5 7 9 48 99 94 25 34 63 51 52 85 32 4 96 47 45 49 22 52 67 19 69 42 24 99 37 40 34 32 56 74 97 41
20
16 8 34 17 88 88 15 51 26 42 68 35 84 16 46 48 60 18 48 6
30
44 74 99 54 76 64 87 86 91 26 28 13 14 1 1 51 19 50 23 75 10 54 82 24 51 77 49 5 9 20
2
68 45
15
53 29 73 42 3 73 39 30 94 53 22 5 63 2 68
2
86 51
44
26 84 30 23 24 63 50 75 51 48 33 100 27 82 23 29 9 15 67 39 20 98 70 87 5 13 89 65 97 6 2 8 60 13 42 18 91 69 72 57 63 52 36 61
15
44 45 63 25 17 19 9 19 82 91 16 78 77 45 61
26
45 96 24 50 97 95 85 74 35 38 13 24 72 84 77 62 64 89 79 58 77 28 1 64 94 7
28
90 14 8 30 89 38 11 14 100 71 58 99 67 29 90 71 32 61 100 80 48 75 69 7 72 37 21 65
39
57 36 51 94 98 79 90 55 12 86 47 12 1 7 65 17 96 78 73 49 51 86 39 31 26 14 66 24 30 71 79 49 11 60 50 21 68 93 66
44
40 49 94 20 3 90 34 9 100 79 72 93 29 25 38 73 88 98 49 55 4 53 46 47 17 49 57 50 73 9 75 85 97 15 2 25 41 94 37 11 23 65 94 16
29
87 49 1 27 55 53 21 46 63 93 69 36 90 23 82 66 90 100 29 58 50 72 53 62 55 61 72 85 82
44
22 83 19 85 69 56 54 1 38 2 2 55 19 94 18 27 94 52 7 21 20 26 54 40 43 71 31 11 67 59 87 82 55 58 66 61 33 13 55 44 64 72 68 86
40
38 91 21 96 95 71 93 100 82 80 95 89 68 3 72 16 94 57 61 83 1 61 4 24 2 39 63 1 55 29 38 61 91 71 7 30 43 14 89 6
6
14 22 27 21 66 91
9
71 81 93 75 55 87 14 39 18
34
61 29 73 59 64 8 61 98 76 68 55 72 88 25 58 73 63 30 14 40 42 7 4 4 77 83 92 44 59 63 93 52 25 65
1
46
10
81 82 68 82 79 65 28 80 68 82
7
56 93 85 37 96 79 58
9
65 45 79 96 29 2 17 98 64
40
41 24 24 48 50 86 19 23 68 22 97 83 60 37 67 39 63 23 51 11 93 90 95 8 46 57 49 50 3 99 58 20 46 88 74 36 62 42 63 91
8
29 48 31 77 42 38 22 26
4
49 12 57 47
35
78 67 91 53 80 90 45 31 60 45 79 88 91 67 22 18 22 31 75 23 82 74 28 81 2 31 36 94 25 39 79 2 34 86 87
34
50 38 41 92 57 44 17 84 45 74 27 17 53 92 98 22 7 44 8 91 17 86 20 42 5 55 67 1 94 41 85 63 73 94
31
89 32 27 76 78 8 60 1 57 97 46 73 54 24 29 39 24 89 34 92 11 49 60 12 91 73 93 72 10 55 42
9
25 82 21 35 68 52 22 99 34
15
17 25 69 44 69 62 75 32 52 10 63 70 75 71 95
12
41 10 68 71 60 41 88 20 3 26 94 24
46
45 42 84 97 61 61 65 95 28 12 18 11 15 84 8 96 64 29 43 54 91 58 66 11 28 78 62 30 57 46 58 54 89 30 20 26 84 41 76 68 68 4 14 16 12 52
30
63 58 99 67 52 72 14 98 31 68 17 75 6 14 11 77 5 40 73 36 98 95 96 49 53 68 30 88 4 20