50
1 3
2 1
0 8
1 8
2 8
90 89
0 40
0 41
0 42
0 43
0 44
0 45
0 46
0 47
0 48
0 49
1 40
1 41
1 42
1 43
1 44
1 45
1 46
1 47
1 48
1 49
2 40
2 41
2 42
2 43
2 44
2 45
2 46
2 47
2 48
2 49
3 40
3 41
3 42
3 43
3 44
3 45
3 46
3 47
3 48
3 49
4 40
4 41
4 42
4 43
4 44
4 45
4 46
4 47
4 48
4 49
5 40
5 41
5 42
5 43
5 44
5 45
5 46
5 47
5 48
5 49
6 40
6 41
6 42
6 43
6 44
6 45
6 46
6 47
6 48
6 49
7 40
7 41
7 42
7 43
7 44
7 45
7 46
7 47
7 48
7 49
8 40
8 41
8 42
8 43
8 44
8 45
8 46
8 47
8 48
8 49
0 0
0 1
0 2
0 3
0 4
0 5
0 6
0 7
0 8
0 9
1 0
1 1
1 2
1 3
1 4
1 5
1 6
1 7
1 8
1 9
2 0
2 1
2 2
2 3
2 4
2 5
2 6
2 7
2 8
2 9
3 0
3 1
3 2
3 3
3 4
3 5
3 6
3 7
3 8
3 9
4 0
4 1
4 2
4 3
4 4
4 5
4 6
4 7
4 8
5 0
5 1
5 2
5 3
5 4
5 5
5 6
5 7
5 8
5 9
6 0
6 1
6 2
6 3
6 4
6 5
6 6
6 7
6 8
6 9
7 0
7 1
7 2
7 3
7 4
7 5
7 6
7 7
7 8
7 9
8 0
8 1
8 2
8 3
8 4
8 5
8 6
8 7
8 8
8 9
1 29
43 1
0 0
0 4
0 9
0 14
0 19
0 24
0 29
0 34
0 39
0 44
2 47
4 0
7 47
9 0
12 47
14 0
17 47
18 0
22 0
22 47
23 23
27 0
27 47
32 0
32 47
36 0
37 47
41 0
42 47
1 1
0 7
0 0
90 89
0 40
0 41
0 42
0 43
0 44
0 45
0 46
0 47
0 48
0 49
1 40
1 41
1 42
1 43
1 44
1 45
1 46
1 47
1 48
1 49
2 40
2 41
2 42
2 43
2 44
2 45
2 46
2 47
2 48
2 49
3 40
3 41
3 42
3 43
3 44
3 45
3 46
3 47
3 48
3 49
4 40
4 41
4 42
4 43
4 44
4 45
4 46
4 47
4 48
4 49
5 40
5 41
5 42
5 43
5 44
5 45
5 46
5 47
5 48
5 49
6 40
6 41
6 42
6 43
6 44
6 45
6 46
6 47
6 48
6 49
7 40
7 41
7 42
7 43
7 44
7 45
7 46
7 47
7 48
7 49
8 40
8 41
8 42
8 43
8 44
8 45
8 46
8 47
8 48
8 49
0 0
0 1
0 2
0 3
0 4
0 5
0 6
0 7
0 8
0 9
1 0
1 1
1 2
1 3
1 4
1 5
1 6
1 7
1 8
1 9
2 0
2 1
2 2
2 3
2 4
2 5
2 6
2 7
2 8
2 9
3 0
3 1
3 2
3 3
3 4
3 5
3 6
3 7
3 8
3 9
4 0
4 1
4 2
4 3
4 4
4 5
4 6
4 7
4 8
5 0
5 1
5 2
5 3
5 4
5 5
5 6
5 7
5 8
5 9
6 0
6 1
6 2
6 3
6 4
6 5
6 6
6 7
6 8
6 9
7 0
7 1
7 2
7 3
7 4
7 5
7 6
7 7
7 8
7 9
8 0
8 1
8 2
8 3
8 4
8 5
8 6
8 7
8 8
8 9
96 96
0 4
0 48
1 4
1 48
2 4
2 48
3 4
3 48
4 4
4 48
5 4
5 48
6 4
6 48
7 4
7 48
8 4
8 48
9 4
9 48
10 4
10 48
11 4
11 48
12 4
12 48
13 4
13 48
14 4
14 48
15 4
15 48
16 4
16 48
17 4
17 48
18 4
18 48
19 4
19 48
20 4
20 48
21 4
21 48
22 4
22 48
23 4
23 48
24 4
24 48
25 4
25 48
26 4
26 48
27 4
27 48
28 4
28 48
29 4
29 48
30 4
30 48
31 4
31 48
32 4
32 48
33 4
33 48
34 4
34 48
35 4
35 48
36 4
36 48
37 4
37 48
38 4
38 48
39 4
39 48
40 4
40 48
41 4
41 48
42 4
42 48
43 4
43 48
44 4
44 48
45 4
45 48
46 4
46 48
47 4
47 48
0 0
0 3
1 0
1 3
2 0
2 3
3 0
3 3
4 0
4 3
5 0
5 3
6 0
6 3
7 0
7 3
8 0
8 3
9 0
9 3
10 0
10 3
11 0
11 3
12 0
12 3
13 0
13 3
14 0
14 3
15 0
15 3
16 0
16 3
17 0
17 3
18 0
18 3
19 0
19 3
20 0
20 3
21 0
21 3
22 0
22 3
23 0
23 3
24 0
24 3
25 0
25 3
26 0
26 3
27 0
27 3
28 0
28 3
29 0
29 3
30 0
30 3
31 0
31 3
32 0
32 3
33 0
33 3
34 0
34 3
35 0
35 3
36 0
36 3
37 0
37 3
38 0
38 3
39 0
39 3
40 0
40 3
41 0
41 3
42 0
42 3
43 0
43 3
44 0
44 3
45 0
45 3
46 0
46 3
47 0
47 3
98 98
0 14
0 43
1 14
1 43
2 14
2 43
3 14
3 43
4 14
4 43
5 14
5 43
6 14
6 43
7 14
7 43
8 14
8 43
9 14
9 43
10 14
10 43
11 14
11 43
12 14
12 43
13 14
13 43
14 14
14 43
15 14
15 43
16 14
16 43
17 14
17 43
18 14
18 43
19 14
19 43
20 14
20 43
21 14
21 43
22 14
22 43
23 14
23 43
24 14
24 43
25 14
25 43
26 14
26 43
27 14
27 43
28 14
28 43
29 14
29 43
30 14
30 43
31 14
31 43
32 14
32 43
33 14
33 43
34 14
34 43
35 14
35 43
36 14
36 43
37 14
37 43
38 14
38 43
39 14
39 43
40 14
40 43
41 14
41 43
42 14
42 43
43 14
43 43
44 14
44 43
45 14
45 43
46 14
46 43
47 14
47 43
48 14
48 43
0 3
0 26
1 3
1 26
2 3
2 26
3 3
3 26
4 3
4 26
5 3
5 26
6 3
6 26
7 3
7 26
8 3
8 26
9 3
9 26
10 3
10 26
11 3
11 26
12 3
12 26
13 3
13 26
14 3
14 26
15 3
15 26
16 3
16 26
17 3
17 26
18 3
18 26
19 3
19 26
20 3
20 26
21 3
21 26
22 3
22 26
23 3
23 26
24 3
24 26
25 3
25 26
26 3
26 26
27 3
27 26
28 3
28 26
29 3
29 26
30 3
30 26
31 3
31 26
32 3
32 26
33 3
33 26
34 3
34 26
35 3
35 26
36 3
36 26
37 3
37 26
38 3
38 26
39 3
39 26
40 3
40 26
41 3
41 26
42 3
42 26
43 3
43 26
44 3
44 26
45 3
45 26
46 3
46 26
47 3
47 26
48 3
48 26
50 98
48 0
48 1
48 2
48 3
48 4
48 5
48 6
48 7
48 8
48 9
48 10
48 11
48 12
48 13
48 14
48 15
48 16
48 17
48 18
48 19
48 20
48 21
48 22
48 23
48 24
48 25
48 26
48 27
48 28
48 29
48 30
48 31
48 32
48 33
48 34
48 35
48 36
48 37
48 38
48 39
48 40
48 41
48 42
48 43
48 44
48 45
48 46
48 47
48 48
48 49
0 1
0 2
0 3
0 4
0 5
0 6
0 7
0 8
0 9
0 10
0 11
0 12
0 13
0 14
0 15
0 16
0 17
0 18
0 19
0 20
0 21
0 22
0 23
0 24
0 25
0 26
0 27
0 28
0 29
0 30
0 31
0 32
0 33
0 34
0 35
0 36
0 37
0 38
0 39
0 40
0 41
0 42
0 43
0 44
0 45
0 46
0 47
0 48
0 49
1 0
1 1
1 2
1 3
1 4
1 5
1 6
1 7
1 8
1 9
1 10
1 11
1 12
1 13
1 14
1 15
1 16
1 17
1 18
1 19
1 20
1 21
1 22
1 23
1 24
1 25
1 26
1 27
1 28
1 29
1 30
1 31
1 32
1 33
1 34
1 35
1 36
1 37
1 38
1 39
1 40
1 41
1 42
1 43
1 44
1 45
1 46
1 47
1 48
50 100
48 0
48 1
48 2
48 3
48 4
48 5
48 6
48 7
48 8
48 9
48 10
48 11
48 12
48 13
48 14
48 15
48 16
48 17
48 18
48 19
48 20
48 21
48 22
48 23
48 24
48 25
48 26
48 27
48 28
48 29
48 30
48 31
48 32
48 33
48 34
48 35
48 36
48 37
48 38
48 39
48 40
48 41
48 42
48 43
48 44
48 45
48 46
48 47
48 48
48 49
0 0
0 1
0 2
0 3
0 4
0 5
0 6
0 7
0 8
0 9
0 10
0 11
0 12
0 13
0 14
0 15
0 16
0 17
0 18
0 19
0 20
0 21
0 22
0 23
0 24
0 25
0 26
0 27
0 28
0 29
0 30
0 31
0 32
0 33
0 34
0 35
0 36
0 37
0 38
0 39
0 40
0 41
0 42
0 43
0 44
0 45
0 46
0 47
0 48
0 49
1 0
1 1
1 2
1 3
1 4
1 5
1 6
1 7
1 8
1 9
1 10
1 11
1 12
1 13
1 14
1 15
1 16
1 17
1 18
1 19
1 20
1 21
1 22
1 23
1 24
1 25
1 26
1 27
1 28
1 29
1 30
1 31
1 32
1 33
1 34
1 35
1 36
1 37
1 38
1 39
1 40
1 41
1 42
1 43
1 44
1 45
1 46
1 47
1 48
1 49
100 50
23 0
23 1
23 2
23 3
23 4
23 5
23 6
23 7
23 8
23 9
23 10
23 11
23 12
23 13
23 14
23 15
23 16
23 17
23 18
23 19
23 20
23 21
23 22
23 23
23 24
23 25
23 26
23 27
23 28
23 29
23 30
23 31
23 32
23 33
23 34
23 35
23 36
23 37
23 38
23 39
23 40
23 41
23 42
23 43
23 44
23 45
23 46
23 47
23 48
23 49
26 0
26 1
26 2
26 3
26 4
26 5
26 6
26 7
26 8
26 9
26 10
26 11
26 12
26 13
26 14
26 15
26 16
26 17
26 18
26 19
26 20
26 21
26 22
26 23
26 24
26 25
26 26
26 27
26 28
26 29
26 30
26 31
26 32
26 33
26 34
26 35
26 36
26 37
26 38
26 39
26 40
26 41
26 42
26 43
26 44
26 45
26 46
26 47
26 48
26 49
0 0
0 1
0 2
0 3
0 4
0 5
0 6
0 7
0 8
0 9
0 10
0 11
0 12
0 13
0 14
0 15
0 16
0 17
0 18
0 19
0 20
0 21
0 22
0 23
0 24
0 25
0 26
0 27
0 28
0 29
0 30
0 31
0 32
0 33
0 34
0 35
0 36
0 37
0 38
0 39
0 40
0 41
0 42
0 43
0 44
0 45
0 46
0 47
0 48
0 49
98 98
0 2
0 3
1 2
1 3
2 2
2 3
3 2
3 3
4 2
4 3
5 2
5 3
6 2
6 3
7 2
7 3
8 2
8 3
9 2
9 3
10 2
10 3
11 2
11 3
12 2
12 3
13 2
13 3
14 2
14 3
15 2
15 3
16 2
16 3
17 2
17 3
18 2
18 3
19 2
19 3
20 2
20 3
21 2
21 3
22 2
22 3
23 2
23 3
24 2
24 3
25 2
25 3
26 2
26 3
27 2
27 3
28 2
28 3
29 2
29 3
30 2
30 3
31 2
31 3
32 2
32 3
33 2
33 3
34 2
34 3
35 2
35 3
36 2
36 3
37 2
37 3
38 2
38 3
39 2
39 3
40 2
40 3
41 2
41 3
42 2
42 3
43 2
43 3
44 2
44 3
45 2
45 3
46 2
46 3
47 2
47 3
48 2
48 3
0 0
0 1
1 0
1 1
2 0
2 1
3 0
3 1
4 0
4 1
5 0
5 1
6 0
6 1
7 0
7 1
8 0
8 1
9 0
9 1
10 0
10 1
11 0
11 1
12 0
12 1
13 0
13 1
14 0
14 1
15 0
15 1
16 0
16 1
17 0
17 1
18 0
18 1
19 0
19 1
20 0
20 1
21 0
21 1
22 0
22 1
23 0
23 1
24 0
24 1
25 0
25 1
26 0
26 1
27 0
27 1
28 0
28 1
29 0
29 1
30 0
30 1
31 0
31 1
32 0
32 1
33 0
33 1
34 0
34 1
35 0
35 1
36 0
36 1
37 0
37 1
38 0
38 1
39 0
39 1
40 0
40 1
41 0
41 1
42 0
42 1
43 0
43 1
44 0
44 1
45 0
45 1
46 0
46 1
47 0
47 1
48 0
48 1
95 93
0 4
0 11
0 26
0 35
0 47
4 7
4 19
4 20
5 18
5 26
5 30
5 43
6 10
6 13
8 28
9 23
9 24
10 43
11 3
11 12
11 49
12 33
12 39
13 7
13 16
13 17
14 42
15 21
16 2
16 19
17 26
17 45
18 18
19 12
19 26
20 5
20 8
20 17
21 2
21 4
21 6
21 20
21 44
22 16
22 22
23 18
24 1
24 37
25 7
25 27
25 39
25 48
26 19
26 21
26 49
27 7
27 15
27 42
28 5
28 7
28 28
28 46
30 4
30 43
32 21
34 31
34 35
35 1
35 44
36 8
36 42
38 0
38 45
38 48
39 19
39 21
41 4
41 14
41 16
42 29
42 34
42 40
42 49
43 7
43 25
43 33
43 48
45 14
46 8
46 21
46 43
46 45
48 11
48 16
48 48
13 24
13 26
13 37
14 13
14 15
15 23
15 28
15 29
15 30
16 21
16 31
17 16
17 19
17 28
17 34
17 36
18 14
18 17
18 23
18 32
19 15
19 16
19 18
19 21
19 32
19 33
20 18
20 19
20 24
20 32
21 19
21 26
21 32
21 37
22 30
23 27
24 20
24 23
24 25
24 26
24 34
25 30
25 37
26 13
27 19
27 32
27 34
28 36
28 37
29 14
29 17
29 21
29 29
29 31
29 36
30 13
30 22
30 27
30 29
30 32
31 22
31 23
31 29
31 30
32 13
32 14
32 18
32 19
32 29
32 34
32 36
33 14
33 23
33 24
33 32
33 37
34 20
34 23
34 24
34 29
35 13
35 22
35 31
35 35
36 13
36 15
36 26
36 31
36 34
37 20
37 22
37 27
37 30
97 87
0 30
0 31
1 5
1 40
2 0
2 1
2 29
3 2
3 17
3 22
3 25
3 32
4 18
4 33
4 39
4 45
5 9
5 11
5 16
6 21
6 25
6 31
8 11
8 25
9 19
9 25
11 5
11 32
11 35
14 18
15 7
16 26
17 36
17 47
18 5
18 19
19 7
19 33
20 40
21 5
21 17
21 26
21 28
21 29
22 10
23 2
23 22
24 2
25 1
25 3
25 12
26 12
27 5
27 36
28 4
28 12
28 23
28 47
29 42
30 21
32 47
33 0
33 1
33 12
33 18
33 41
34 12
34 23
34 49
35 16
35 19
35 28
35 37
38 0
38 2
38 20
38 30
39 10
39 35
39 46
39 48
40 14
40 30
41 40
42 19
43 19
43 20
44 5
44 17
44 24
45 1
45 23
45 25
46 35
47 24
48 17
48 49
13 17
13 20
13 28
14 13
14 17
14 24
14 25
14 26
14 29
15 16
15 18
15 19
15 20
15 27
16 13
16 15
16 17
16 19
16 22
16 31
17 14
17 20
17 23
17 33
18 21
18 35
19 22
19 31
19 35
19 37
20 15
20 16
20 18
20 30
20 34
20 35
21 14
21 21
21 25
21 27
21 32
21 33
22 16
22 24
24 23
24 34
25 16
25 22
25 27
25 35
26 17
26 22
27 13
27 21
27 27
28 13
28 26
28 33
28 36
29 17
29 29
29 31
30 15
30 16
30 17
30 20
30 23
30 32
31 17
31 18
31 32
32 18
32 21
32 27
32 29
32 31
32 33
33 25
33 32
33 35
34 28
34 30
35 31
36 13
36 15
37 23
37 24
95 91
0 0
0 46
1 28
2 17
2 32
2 47
4 25
5 37
6 7
6 9
6 22
7 12
7 25
7 35
9 16
9 44
9 49
10 5
10 23
10 26
10 38
10 41
11 16
11 28
12 7
12 11
12 29
13 23
13 30
13 38
13 40
14 0
14 3
14 26
14 32
14 41
14 43
17 1
18 2
20 14
20 18
20 22
20 48
21 15
21 20
21 31
22 26
22 29
23 27
23 28
23 48
24 6
24 8
25 23
26 44
26 49
27 39
27 49
28 38
30 4
31 29
32 1
32 2
32 9
32 18
32 44
34 31
34 39
34 40
34 43
35 4
37 12
37 43
38 27
38 29
38 40
39 11
40 8
40 12
40 13
40 19
41 16
43 1
43 9
43 45
44 8
44 12
44 20
45 25
45 41
46 7
46 24
47 7
47 10
48 35
13 13
13 25
13 27
14 21
14 23
14 24
14 31
14 36
15 20
15 24
15 25
15 26
15 29
15 33
16 17
16 27
16 33
17 15
17 18
17 19
17 23
17 28
18 21
18 27
18 33
19 21
19 32
20 17
20 35
20 37
21 24
21 35
22 15
22 20
23 18
23 19
23 30
23 32
23 33
23 35
24 15
24 16
24 28
24 37
25 24
25 35
26 16
26 27
26 31
27 19
27 25
27 32
27 33
28 13
28 20
28 21
28 29
29 20
29 22
29 23
29 27
29 28
29 36
30 13
30 19
30 24
30 28
30 32
31 13
31 27
31 28
31 33
31 37
32 21
32 32
32 34
33 14
33 30
33 32
33 37
34 20
34 22
35 18
35 37
36 22
36 25
36 26
36 36
36 37
37 26
37 36
56 91
0 0
0 1
0 6
0 7
0 8
0 11
0 12
0 16
0 27
0 29
0 32
0 37
0 39
0 40
0 41
0 42
0 44
0 45
0 48
0 49
1 49
2 0
5 49
6 0
7 49
8 49
9 0
9 49
10 0
11 49
13 49
14 0
15 49
16 0
17 0
18 0
19 0
19 49
20 49
21 49
23 0
26 0
27 49
28 49
30 49
31 49
33 0
34 0
34 49
38 0
39 49
40 49
43 49
45 0
47 0
48 49
13 15
13 28
14 19
14 28
14 36
15 19
16 15
16 33
16 34
17 15
17 23
17 27
18 29
18 32
18 34
19 14
19 30
19 33
20 14
20 28
20 32
20 36
21 16
21 19
21 24
21 32
21 34
22 23
22 24
23 15
23 20
23 30
24 16
24 26
24 33
25 21
25 22
25 30
25 35
26 15
26 17
26 20
26 26
27 16
27 27
27 31
27 32
27 33
27 34
27 35
28 19
28 20
28 21
28 32
29 17
30 26
31 14
31 18
31 30
32 14
32 15
32 20
32 24
32 27
32 30
32 32
33 15
33 19
33 26
33 28
33 29
33 30
34 22
34 27
34 29
35 20
35 29
35 31
35 33
35 34
35 36
36 17
36 18
36 20
36 24
37 13
37 16
37 17
37 18
37 23
37 26
60 91
0 0
0 2
0 3
0 4
0 8
0 9
0 11
0 13
0 14
0 15
0 17
0 21
0 24
0 25
0 28
0 29
0 36
0 40
0 41
0 42
0 44
0 46
0 48
0 49
2 49
4 49
5 0
7 0
12 49
14 0
14 49
15 0
15 49
19 0
20 49
25 0
27 49
29 0
29 49
30 0
30 49
31 49
32 0
33 49
34 49
35 49
37 0
38 49
41 49
42 0
43 0
43 49
44 0
44 49
45 0
45 49
46 0
46 49
47 0
48 0
13 17
13 19
13 21
13 28
14 28
14 35
14 36
15 22
15 23
15 25
15 28
15 31
15 35
15 37
16 21
16 24
16 25
17 16
17 21
17 24
17 26
18 14
18 15
18 33
18 34
19 13
19 18
19 23
19 26
19 29
19 37
20 20
20 23
20 35
21 15
21 21
21 24
21 31
22 13
22 14
22 35
22 36
22 37
23 25
24 32
25 31
25 34
26 15
26 22
26 30
26 33
27 13
27 15
27 19
27 24
27 30
28 13
28 17
28 19
28 27
29 14
29 15
29 16
29 24
29 27
30 16
30 22
31 13
31 14
31 36
31 37
32 27
32 35
32 36
33 13
33 33
34 29
34 33
34 34
35 21
35 24
36 13
36 22
36 24
36 26
36 31
36 32
37 14
37 16
37 30
37 37
60 91
0 1
0 2
0 4
0 6
0 8
0 9
0 10
0 11
0 13
0 14
0 15
0 17
0 18
0 20
0 22
0 24
0 33
0 35
0 36
0 38
0 39
0 40
0 49
1 0
1 49
3 49
4 0
4 49
5 0
5 49
9 0
10 0
12 49
13 49
15 49
16 0
16 49
17 49
18 0
21 49
22 49
23 0
24 0
24 49
25 0
26 0
26 49
30 0
30 49
32 49
33 0
35 0
36 0
41 0
44 0
45 49
46 49
47 0
47 49
48 0
13 27
13 28
13 30
13 33
13 34
13 35
13 36
14 13
14 21
14 29
14 33
15 23
15 33
15 36
15 37
16 14
16 19
17 17
17 20
17 21
17 35
18 26
18 32
19 19
19 23
19 24
19 37
20 30
21 13
21 26
21 35
21 37
22 16
22 28
22 29
22 32
22 35
22 36
23 14
23 21
23 26
23 30
23 31
24 16
24 22
24 37
25 25
25 33
26 16
26 28
27 17
27 28
27 29
28 16
28 30
29 14
29 20
29 21
30 14
30 18
30 21
30 36
31 13
31 15
31 27
31 28
31 31
32 15
32 29
32 30
32 36
33 13
34 16
34 17
34 21
34 29
34 32
34 34
35 14
35 16
35 19
35 30
35 36
36 16
36 31
36 36
37 21
37 23
37 24
37 29
37 31
99 89
4 0
4 4
4 8
4 12
4 16
4 20
4 24
4 28
4 32
4 36
4 40
4 44
4 46
12 4
12 8
12 12
12 16
12 20
12 24
12 28
12 32
12 36
12 40
12 44
12 48
14 4
14 8
14 12
14 16
14 20
14 24
14 28
14 32
14 36
14 40
14 44
14 48
22 0
22 4
22 8
22 12
22 16
22 20
22 24
22 28
22 32
22 36
22 40
22 44
22 46
30 4
30 8
30 12
30 16
30 20
30 24
30 28
30 32
30 36
30 40
30 44
30 48
32 4
32 8
32 12
32 16
32 20
32 24
32 28
32 32
32 36
32 40
32 44
32 48
39 31
39 33
39 35
39 37
40 0
40 4
40 8
40 12
40 16
40 20
40 24
40 28
40 32
40 36
40 40
40 44
40 46
41 31
41 33
41 35
41 37
47 45
47 49
48 46
48 48
0 0
0 4
0 8
0 12
0 16
0 20
0 24
0 28
0 32
0 36
0 40
0 44
0 48
3 49
5 49
8 0
8 4
8 8
8 12
8 16
8 20
8 24
8 28
8 32
8 36
8 40
8 44
8 48
12 0
14 0
18 0
18 4
18 8
18 12
18 16
18 20
18 24
18 28
18 32
18 36
18 40
18 44
18 48
21 49
23 49
26 0
26 4
26 8
26 12
26 16
26 20
26 24
26 28
26 32
26 36
26 40
26 44
26 48
30 0
32 0
36 0
36 4
36 8
36 12
36 16
36 20
36 24
36 28
36 32
36 36
36 40
36 44
36 48
39 49
41 49
44 0
44 4
44 8
44 12
44 16
44 20
44 24
44 28
44 32
44 36
44 40
44 44
44 48
48 0
99 89
4 0
4 4
4 8
4 12
4 16
4 20
4 24
4 28
4 32
4 36
4 40
4 44
4 46
12 4
12 8
12 12
12 16
12 20
12 24
12 28
12 32
12 36
12 40
12 44
12 48
14 4
14 8
14 12
14 16
14 20
14 24
14 28
14 32
14 36
14 40
14 44
14 48
22 0
22 4
22 8
22 12
22 16
22 20
22 24
22 28
22 32
22 36
22 40
22 44
22 46
30 4
30 8
30 12
30 16
30 20
30 24
30 28
30 32
30 36
30 40
30 44
30 48
32 4
32 8
32 12
32 16
32 20
32 24
32 28
32 32
32 36
32 40
32 44
32 48
39 31
39 33
39 35
39 37
40 0
40 4
40 8
40 12
40 16
40 20
40 24
40 28
40 32
40 36
40 40
40 44
40 46
41 31
41 33
41 35
41 37
47 49
48 46
48 48
48 49
0 0
0 4
0 8
0 12
0 16
0 20
0 24
0 28
0 32
0 36
0 40
0 44
0 48
3 49
5 49
8 0
8 4
8 8
8 12
8 16
8 20
8 24
8 28
8 32
8 36
8 40
8 44
8 48
12 0
14 0
18 0
18 4
18 8
18 12
18 16
18 20
18 24
18 28
18 32
18 36
18 40
18 44
18 48
21 49
23 49
26 0
26 4
26 8
26 12
26 16
26 20
26 24
26 28
26 32
26 36
26 40
26 44
26 48
30 0
32 0
36 0
36 4
36 8
36 12
36 16
36 20
36 24
36 28
36 32
36 36
36 40
36 44
36 48
39 49
41 49
44 0
44 4
44 8
44 12
44 16
44 20
44 24
44 28
44 32
44 36
44 40
44 44
44 48
48 0
4 3
3 4
10 13
25 5
26 21
11 5
18 9
19 17
56 50
0 4
1 4
1 5
2 4
2 5
2 6
3 4
3 5
3 6
3 7
3 8
4 4
4 5
4 6
4 7
4 8
4 9
5 4
5 5
5 6
5 7
5 8
5 9
5 10
6 6
6 7
6 8
6 9
6 10
6 11
6 12
7 9
7 10
7 11
7 12
7 13
11 16
11 17
11 18
20 5
20 6
20 7
20 10
20 11
20 12
20 13
21 5
21 6
21 19
21 21
22 5
22 20
22 21
23 19
23 20
23 21
8 4
8 5
9 3
9 6
9 7
10 2
10 7
10 8
10 9
11 1
11 7
11 8
11 9
11 10
11 11
12 0
12 8
12 9
12 10
12 11
12 12
13 8
13 9
13 10
13 11
13 12
13 13
14 9
14 10
14 11
14 12
14 13
14 14
14 15
15 9
15 10
15 11
15 12
15 13
15 14
15 15
15 16
16 10
16 11
16 12
16 13
16 14
16 15
16 16
16 17
97 85
0 0
1 25
1 30
1 46
2 1
2 10
2 37
2 39
3 35
3 47
4 2
4 8
5 10
5 16
5 17
6 5
7 28
7 42
8 14
8 49
9 22
9 28
10 8
11 32
11 34
12 0
13 19
13 26
13 43
13 47
14 10
15 12
15 14
15 19
15 33
16 8
17 3
17 22
17 37
18 28
18 38
19 7
20 7
20 24
20 41
21 23
21 38
22 30
23 20
24 21
24 35
24 45
24 46
25 6
25 12
26 9
26 17
26 45
27 4
27 40
28 31
29 29
29 43
30 19
30 22
30 23
30 42
31 21
32 0
32 1
32 39
33 1
33 12
33 17
33 18
34 6
34 45
35 6
35 38
36 7
36 38
37 26
39 48
41 6
42 14
42 41
42 45
43 4
43 12
43 29
45 27
45 38
46 1
47 17
47 40
48 36
48 37
39 46
39 47
39 49
40 44
40 45
40 46
40 47
40 48
40 49
41 42
41 43
41 44
41 45
41 46
41 47
41 48
41 49
42 42
42 43
42 44
42 46
42 47
42 48
42 49
43 41
43 42
43 43
43 44
43 45
43 46
43 47
43 48
43 49
44 40
44 41
44 42
44 43
44 44
44 45
44 46
44 47
44 48
44 49
45 40
45 41
45 42
45 43
45 44
45 45
45 46
45 47
45 48
45 49
46 39
46 40
46 41
46 42
46 43
46 44
46 45
46 46
46 47
46 48
46 49
47 39
47 41
47 42
47 43
47 44
47 45
47 46
47 47
47 48
47 49
48 39
48 40
48 41
48 42
48 43
48 44
48 45
48 46
48 47
48 48
48 49
94 87
0 0
0 27
0 30
1 33
1 35
3 7
3 8
3 18
3 32
3 35
4 4
4 20
5 5
5 24
5 49
6 11
6 29
7 1
7 5
8 26
8 46
9 4
9 7
9 22
9 31
9 39
10 1
10 29
11 7
12 43
13 45
14 26
14 38
14 43
17 5
17 44
19 20
19 46
20 29
20 43
21 5
21 19
21 26
21 37
22 10
22 33
22 34
22 39
23 21
24 16
24 41
25 2
25 6
25 19
27 25
28 22
28 36
28 43
29 42
30 21
30 48
31 29
32 16
33 11
33 42
33 44
33 48
34 0
34 35
34 41
35 1
35 21
35 47
36 8
37 1
37 14
37 46
38 7
38 30
40 38
40 49
42 1
42 12
43 7
43 14
43 39
44 32
45 30
45 37
46 9
46 13
46 41
47 14
47 21
39 46
39 47
39 48
39 49
40 44
40 45
40 46
40 47
40 48
41 42
41 43
41 44
41 45
41 46
41 47
41 48
41 49
42 41
42 42
42 43
42 44
42 45
42 46
42 47
42 48
42 49
43 41
43 42
43 43
43 44
43 45
43 46
43 47
43 48
43 49
44 40
44 41
44 42
44 43
44 44
44 45
44 46
44 47
44 48
44 49
45 40
45 41
45 42
45 43
45 44
45 45
45 46
45 47
45 48
45 49
46 39
46 40
46 42
46 43
46 44
46 45
46 46
46 47
46 48
46 49
47 39
47 40
47 41
47 42
47 43
47 44
47 45
47 46
47 47
47 48
47 49
48 39
48 40
48 41
48 42
48 43
48 44
48 45
48 46
48 47
48 48
48 49
92 87
0 0
0 7
1 9
1 31
2 7
2 23
2 29
2 40
3 19
4 1
4 39
5 9
5 13
6 5
7 18
7 21
7 29
8 16
8 37
8 39
8 46
10 14
10 40
11 12
12 5
12 18
13 3
14 7
15 27
16 37
16 42
18 8
18 27
19 12
19 36
20 2
20 7
20 13
20 41
21 33
23 29
23 39
24 14
25 31
25 39
25 49
26 13
26 23
26 26
26 46
27 40
28 30
29 24
29 28
29 31
29 45
30 43
31 3
31 8
31 41
32 9
32 30
33 5
33 33
34 21
34 36
35 34
37 0
37 3
37 19
37 30
38 20
38 29
40 20
40 29
40 31
41 21
41 34
43 2
43 3
43 5
43 34
43 43
44 3
44 38
45 6
46 3
46 34
47 34
47 44
48 1
48 26
39 46
39 47
39 48
39 49
40 44
40 45
40 46
40 47
40 48
40 49
41 42
41 43
41 44
41 45
41 46
41 47
41 48
41 49
42 41
42 42
42 43
42 44
42 45
42 46
42 47
42 48
42 49
43 41
43 42
43 44
43 45
43 46
43 47
43 48
43 49
44 40
44 41
44 42
44 43
44 44
44 45
44 46
44 47
44 48
44 49
45 40
45 41
45 42
45 43
45 44
45 45
45 46
45 47
45 48
45 49
46 39
46 40
46 41
46 42
46 43
46 44
46 45
46 46
46 47
46 48
46 49
47 39
47 40
47 41
47 42
47 43
47 45
47 46
47 47
47 48
47 49
48 39
48 40
48 41
48 42
48 43
48 44
48 45
48 46
48 47
48 48
48 49
98 84
0 0
0 1
0 40
0 43
1 4
1 40
1 41
2 20
2 21
4 13
4 34
4 44
4 45
4 48
5 34
5 38
6 3
6 13
6 14
6 16
6 17
6 41
7 23
7 33
7 39
8 38
9 14
11 32
12 31
12 44
13 0
13 13
13 26
13 39
14 44
17 18
17 36
18 38
19 24
19 25
20 3
20 7
20 35
20 36
21 11
21 14
23 36
23 46
23 47
24 21
25 23
25 35
26 47
27 21
27 30
28 0
28 8
28 10
28 37
29 6
29 7
29 15
29 34
29 38
30 12
30 19
30 23
30 25
30 38
31 3
32 39
34 4
34 7
34 23
35 6
35 42
36 5
36 24
37 40
38 44
39 40
40 16
40 24
41 1
41 11
41 13
42 35
43 44
44 25
44 46
44 48
45 5
45 49
46 8
46 26
46 35
48 29
48 41
39 46
39 47
39 48
39 49
40 44
40 45
40 46
40 47
40 48
40 49
41 42
41 43
41 44
41 45
41 46
41 47
41 48
41 49
42 41
42 42
42 43
42 44
42 45
42 46
42 47
42 48
42 49
43 41
43 42
43 43
43 45
43 46
43 47
43 48
43 49
44 40
44 41
44 42
44 43
44 44
44 45
44 47
44 49
45 40
45 41
45 42
45 43
45 44
45 45
45 46
45 47
45 48
46 39
46 40
46 41
46 42
46 43
46 44
46 45
46 46
46 47
46 48
46 49
47 39
47 40
47 41
47 42
47 43
47 44
47 45
47 46
47 47
47 48
47 49
48 39
48 40
48 42
48 43
48 44
48 45
48 46
48 47
48 48
48 49
93 90
0 31
1 0
1 35
2 21
2 36
2 37
3 21
3 36
4 30
4 32
4 36
4 37
5 11
6 27
6 34
6 43
6 44
7 8
7 14
7 23
8 7
8 15
8 17
9 35
10 14
10 18
10 19
10 23
10 35
11 30
11 34
11 38
11 40
12 16
12 17
12 32
13 49
14 26
15 0
15 29
15 46
16 0
16 25
16 49
17 8
18 8
19 16
19 49
20 0
20 9
20 34
20 45
21 18
21 22
23 1
24 10
24 24
25 2
25 44
26 33
26 40
27 3
27 14
27 23
29 36
29 45
30 47
31 29
32 16
33 13
34 19
34 28
34 36
35 47
36 6
36 39
37 23
38 7
38 25
38 29
39 4
39 5
39 25
39 27
40 4
40 37
41 31
43 27
44 21
44 45
45 1
45 27
47 2
0 0
0 1
0 2
0 3
0 4
0 5
0 6
0 7
1 1
1 2
1 3
1 4
1 5
1 6
1 7
2 0
2 1
2 2
2 3
2 4
2 5
2 6
3 0
3 1
3 2
3 3
3 4
3 5
3 6
4 0
4 1
4 2
4 3
4 4
4 5
4 6
5 0
5 1
5 2
5 3
5 4
5 5
6 0
6 1
6 2
6 3
6 4
7 0
7 1
42 48
42 49
43 45
43 46
43 47
43 48
43 49
44 44
44 46
44 47
44 48
44 49
45 43
45 44
45 45
45 46
45 47
45 48
45 49
46 43
46 44
46 45
46 46
46 47
46 48
46 49
47 43
47 44
47 45
47 46
47 47
47 48
47 49
48 42
48 43
48 44
48 45
48 46
48 47
48 48
48 49
97 86
0 0
0 28
0 48
1 21
1 24
2 29
3 42
4 4
4 30
4 34
5 1
6 15
6 25
7 44
8 6
8 26
9 9
10 16
10 21
11 3
11 29
12 6
12 33
13 10
13 16
15 14
16 32
17 15
17 21
17 32
17 36
18 12
18 30
19 14
19 28
19 45
20 1
20 41
21 14
21 26
21 32
21 43
21 44
21 48
22 7
22 49
24 24
24 36
25 16
27 9
27 20
27 25
27 29
28 1
28 21
29 12
29 24
29 40
29 47
31 17
31 33
32 0
33 3
33 8
34 10
34 25
35 0
35 19
35 23
36 7
36 16
36 46
38 24
39 16
40 0
40 34
42 16
42 20
42 33
42 41
42 48
44 32
44 40
45 17
45 20
45 43
46 8
46 30
46 33
47 8
48 2
48 21
48 26
48 29
48 31
48 40
48 43
0 1
0 2
0 3
0 4
0 5
0 6
0 7
1 0
1 1
1 2
1 3
1 4
1 5
1 6
1 7
2 0
2 1
2 2
2 3
2 4
2 5
2 6
3 0
3 1
3 2
3 3
3 4
3 5
3 6
4 0
4 1
4 2
4 3
4 5
4 6
5 0
5 2
5 3
5 4
5 5
6 0
6 1
6 2
6 3
6 4
7 0
7 1
42 49
43 45
43 46
43 47
43 48
43 49
44 44
44 45
44 46
44 47
44 48
44 49
45 44
45 45
45 46
45 47
45 48
45 49
46 43
46 44
46 45
46 46
46 47
46 48
46 49
47 43
47 44
47 45
47 46
47 47
47 48
47 49
48 42
48 44
48 45
48 46
48 47
48 48
48 49
96 85
0 3
0 5
0 33
0 42
1 38
2 1
2 22
3 6
3 15
3 26
3 28
3 36
4 5
6 5
6 10
6 24
6 28
6 37
7 44
8 21
8 43
9 5
9 14
9 20
10 15
11 12
12 6
12 26
12 40
13 1
14 32
14 49
15 26
15 32
15 40
16 38
17 32
18 3
18 27
18 29
19 27
20 14
20 31
21 11
21 28
22 30
22 42
23 6
23 16
23 41
24 2
24 24
24 26
26 39
26 42
27 20
27 49
28 6
28 40
29 12
29 16
29 35
30 3
30 18
30 34
30 44
31 8
32 8
32 47
33 25
34 6
35 38
36 26
37 18
37 22
37 46
38 32
38 40
40 0
40 10
41 3
41 10
41 21
41 25
42 10
42 22
44 15
45 17
45 40
45 43
47 3
47 45
48 1
48 6
48 15
48 21
0 0
0 1
0 2
0 4
0 6
0 7
1 0
1 1
1 2
1 3
1 4
1 5
1 6
1 7
2 0
2 2
2 3
2 4
2 5
2 6
3 0
3 1
3 2
3 3
3 4
3 5
4 0
4 1
4 2
4 3
4 4
4 6
5 0
5 1
5 2
5 3
5 4
5 5
6 0
6 1
6 2
6 3
6 4
7 0
7 1
42 48
42 49
43 45
43 46
43 47
43 48
43 49
44 44
44 45
44 46
44 47
44 48
44 49
45 44
45 45
45 46
45 47
45 48
45 49
46 43
46 44
46 45
46 46
46 47
46 48
46 49
47 43
47 44
47 46
47 47
47 48
47 49
48 42
48 43
48 44
48 45
48 46
48 47
48 48
48 49
88 99
0 0
0 1
0 2
0 3
0 4
0 5
0 6
0 7
1 0
1 1
1 2
1 3
1 4
1 5
1 6
1 7
2 0
2 1
2 2
2 3
2 4
2 5
2 6
3 0
3 2
3 3
3 4
3 5
3 6
4 0
4 1
4 2
4 3
4 4
4 5
4 6
5 0
5 1
5 2
5 3
5 4
6 0
6 1
6 2
6 3
6 4
7 0
7 1
42 48
42 49
43 45
43 46
43 47
43 48
43 49
44 44
44 45
44 46
44 47
44 48
44 49
45 43
45 44
45 45
45 47
45 48
45 49
46 43
46 44
46 45
46 46
46 47
46 48
46 49
47 44
47 45
47 46
47 47
47 48
47 49
48 42
48 43
48 44
48 45
48 46
48 47
48 48
48 49
0 16
0 30
0 43
1 45
2 17
2 39
3 1
3 22
3 34
3 44
5 5
5 7
5 17
5 45
7 8
8 12
8 28
8 46
9 9
9 26
9 32
10 0
10 22
10 30
11 16
12 7
12 47
13 20
14 40
15 26
15 40
16 13
16 38
17 49
18 12
18 15
18 25
18 38
18 49
21 28
21 31
21 33
22 0
22 7
22 27
23 15
23 45
24 24
24 45
25 1
25 37
25 47
26 23
26 35
27 0
28 22
29 23
29 32
30 26
31 0
31 27
31 31
31 35
31 44
32 47
33 4
33 5
33 6
34 30
35 2
35 32
35 47
37 11
38 11
38 20
38 36
39 46
40 12
40 20
40 40
41 18
42 16
43 0
43 12
44 1
44 17
44 43
45 13
45 30
45 40
45 46
46 7
46 24
47 8
47 36
47 43
48 10
48 11
48 27
87 97
0 0
0 1
0 2
0 3
0 4
0 5
0 6
0 7
1 0
1 1
1 2
1 4
1 5
1 7
2 0
2 1
2 2
2 3
2 4
2 5
2 6
3 0
3 1
3 2
3 3
3 4
3 5
3 6
4 0
4 1
4 2
4 3
4 4
4 5
4 6
5 0
5 1
5 2
5 3
5 4
5 5
6 0
6 1
6 3
6 4
7 0
7 1
42 48
42 49
43 45
43 46
43 47
43 48
43 49
44 44
44 45
44 46
44 47
44 48
44 49
45 43
45 44
45 45
45 46
45 47
45 48
45 49
46 43
46 44
46 45
46 46
46 47
46 48
46 49
47 43
47 44
47 45
47 47
47 48
47 49
48 42
48 44
48 45
48 46
48 47
48 48
48 49
0 44
1 3
1 6
1 17
1 40
2 12
2 24
2 26
2 40
4 18
4 25
4 39
4 42
4 49
5 23
5 38
5 41
6 2
7 3
7 21
8 3
8 10
8 26
8 33
8 40
9 13
9 18
10 5
10 13
10 19
10 27
11 22
12 10
12 40
13 26
14 11
14 24
14 41
15 3
15 27
15 41
16 21
16 22
17 9
17 10
19 29
20 24
21 24
22 30
23 6
23 11
23 30
23 39
24 15
24 21
24 22
24 24
24 32
24 35
26 27
26 49
27 6
27 16
27 22
29 18
29 43
30 25
30 36
31 12
32 14
32 47
33 28
33 49
34 19
34 24
34 33
34 34
34 35
36 9
36 20
37 46
38 8
38 11
39 23
39 24
40 0
40 17
40 26
40 42
41 5
41 33
44 36
47 7
47 12
47 22
47 46
48 43
91 95
0 0
0 1
0 2
0 3
0 4
0 5
0 6
0 7
1 0
1 1
1 2
1 3
1 4
1 5
1 6
1 7
2 0
2 1
2 2
2 3
2 4
2 5
2 6
3 0
3 1
3 2
3 3
3 4
3 5
3 6
4 0
4 1
4 2
4 3
4 4
4 6
5 0
5 1
5 2
5 3
5 4
5 5
6 0
6 1
6 2
6 3
6 4
7 0
7 1
42 48
42 49
43 45
43 46
43 47
43 48
43 49
44 44
44 45
44 46
44 47
44 48
44 49
45 43
45 44
45 45
45 46
45 47
45 48
45 49
46 43
46 44
46 45
46 46
46 47
46 48
46 49
47 43
47 44
47 45
47 46
47 47
47 48
47 49
48 42
48 43
48 44
48 45
48 46
48 47
48 48
48 49
0 33
0 41
2 17
2 25
3 18
3 46
4 5
4 7
4 29
4 33
4 39
4 45
5 7
5 8
5 18
5 30
6 10
6 30
6 36
7 21
8 14
8 21
8 49
9 2
9 44
9 46
10 10
10 25
10 47
11 1
11 16
12 13
12 34
13 13
13 38
14 33
16 38
18 23
20 35
23 24
23 25
23 26
24 24
24 41
24 46
25 34
25 48
26 10
26 25
26 39
27 11
27 12
27 30
27 48
28 31
28 45
29 4
29 23
29 44
29 45
30 9
30 41
31 5
31 29
32 48
33 0
33 10
33 18
34 48
34 49
35 0
35 41
36 29
36 47
37 22
37 44
39 9
39 21
39 49
40 15
41 28
42 7
42 12
43 9
43 10
43 26
44 5
44 33
45 10
46 29
46 33
47 15
47 19
47 34
47 39
97 100
0 20
0 22
0 25
0 32
0 37
2 32
2 45
3 24
3 28
3 40
4 20
4 33
5 21
5 47
6 23
7 12
7 44
8 24
8 47
9 40
10 29
10 33
12 10
12 21
13 29
14 17
14 31
14 42
15 19
15 48
17 2
17 46
18 3
18 12
18 29
19 27
19 28
19 33
19 36
21 36
22 13
22 19
23 2
23 27
23 39
24 0
25 7
25 17
25 25
25 35
26 35
26 45
27 34
28 5
28 21
29 0
29 6
29 27
29 33
30 10
30 11
30 22
32 0
32 7
32 15
32 37
33 10
33 11
33 29
34 21
35 8
35 21
35 27
35 39
36 27
39 14
39 25
39 40
40 2
41 1
41 29
42 5
42 26
42 35
42 45
43 10
43 17
44 19
44 21
44 23
45 43
46 19
46 34
46 46
48 10
48 11
48 35
0 0
0 3
0 5
0 6
0 8
0 9
0 10
1 0
1 1
1 2
1 3
1 4
1 8
1 9
1 10
2 0
2 1
2 2
2 3
2 4
2 5
2 6
2 7
2 8
2 11
2 12
3 0
3 1
3 2
3 4
3 5
3 6
3 7
3 8
3 10
3 11
4 0
4 1
4 2
4 3
4 4
4 5
4 7
4 8
4 9
4 10
4 11
5 0
5 2
5 3
5 4
5 5
5 7
5 8
5 10
6 0
6 1
6 2
6 3
6 5
6 6
6 7
6 8
6 9
6 10
7 0
7 1
7 2
7 3
7 4
7 5
7 6
7 7
7 8
7 9
7 10
8 3
8 5
8 6
8 7
8 8
8 9
9 1
9 3
9 4
9 5
9 8
10 0
10 3
10 4
10 5
10 6
11 0
11 1
11 2
11 3
11 4
12 1
12 2
12 3
97 100
0 16
1 36
1 44
2 35
2 44
2 47
3 35
4 30
5 44
6 5
6 36
7 32
7 45
8 28
10 17
10 26
11 9
12 41
13 10
13 14
14 14
15 36
15 43
16 21
16 22
16 29
17 14
18 23
18 36
19 15
20 3
20 42
21 29
21 30
22 7
23 15
23 24
23 30
24 26
24 36
24 48
25 13
25 38
26 3
27 2
27 48
28 18
28 32
28 39
28 42
28 44
29 24
29 39
30 4
30 44
31 8
31 45
32 1
33 16
33 30
34 10
35 8
35 10
35 17
35 30
36 19
36 36
36 44
37 20
37 47
38 23
38 37
39 3
39 5
39 6
39 24
40 19
41 14
41 45
41 46
43 5
43 11
43 16
43 19
43 38
44 2
44 8
44 21
45 4
45 20
45 46
47 9
47 16
47 46
48 7
48 35
48 44
0 1
0 2
0 3
0 4
0 5
0 6
0 8
0 9
0 10
0 12
1 1
1 2
1 3
1 4
1 5
1 6
1 7
1 8
1 9
1 10
1 11
1 12
2 0
2 1
2 2
2 6
2 7
2 8
2 9
2 11
2 12
3 1
3 2
3 3
3 4
3 5
3 6
3 7
3 8
3 9
3 10
3 11
4 0
4 1
4 2
4 5
4 7
4 8
4 11
5 1
5 2
5 3
5 4
5 5
5 6
5 8
5 9
5 10
6 1
6 3
6 4
6 6
6 9
7 2
7 3
7 4
7 5
7 6
7 7
7 8
7 10
8 0
8 1
8 3
8 4
8 5
8 7
8 9
9 0
9 3
9 4
9 5
9 6
9 7
9 8
10 0
10 3
10 4
10 5
10 6
10 7
11 0
11 1
11 2
11 3
11 5
12 0
12 1
12 2
12 3
3 6
47 49
48 48
48 49
0 0
0 1
0 2
1 0
1 1
2 0
24 30
44 47
44 48
44 49
45 46
45 47
45 48
45 49
46 45
46 46
46 47
46 48
46 49
47 44
47 45
47 46
47 47
47 48
47 49
48 44
48 45
48 46
48 47
48 48
48 49
0 0
0 1
0 2
0 3
0 4
0 5
1 0
1 1
1 2
1 3
1 4
1 5
2 0
2 1
2 2
2 3
2 4
2 5
3 0
3 1
3 2
3 3
3 4
4 0
4 1
4 2
4 3
5 0
5 1
5 2
89 100
39 46
39 47
39 48
39 49
40 44
40 45
40 46
40 47
40 48
40 49
41 42
41 43
41 44
41 45
41 46
41 47
41 48
41 49
42 41
42 42
42 43
42 44
42 45
42 46
42 47
42 48
42 49
43 41
43 42
43 43
43 44
43 45
43 46
43 47
43 48
43 49
44 40
44 41
44 42
44 43
44 44
44 45
44 46
44 47
44 48
44 49
45 40
45 41
45 42
45 43
45 44
45 45
45 46
45 47
45 48
45 49
46 39
46 40
46 41
46 42
46 43
46 44
46 45
46 46
46 47
46 48
46 49
47 39
47 40
47 41
47 42
47 43
47 44
47 45
47 46
47 47
47 48
47 49
48 39
48 40
48 41
48 42
48 43
48 44
48 45
48 46
48 47
48 48
48 49
0 0
0 1
0 2
0 3
0 4
0 5
0 6
0 7
0 8
0 9
0 10
1 0
1 1
1 2
1 3
1 4
1 5
1 6
1 7
1 8
1 9
1 10
2 0
2 1
2 2
2 3
2 4
2 5
2 6
2 7
2 8
2 9
2 10
3 0
3 1
3 2
3 3
3 4
3 5
3 6
3 7
3 8
3 9
3 10
4 0
4 1
4 2
4 3
4 4
4 5
4 6
4 7
4 8
4 9
5 0
5 1
5 2
5 3
5 4
5 5
5 6
5 7
5 8
5 9
6 0
6 1
6 2
6 3
6 4
6 5
6 6
6 7
6 8
7 0
7 1
7 2
7 3
7 4
7 5
7 6
7 7
7 8
8 0
8 1
8 2
8 3
8 4
8 5
8 6
8 7
9 0
9 1
9 2
9 3
9 4
9 5
10 0
10 1
10 2
10 3
97 95
0 10
0 14
0 15
1 25
1 38
2 35
3 4
5 1
5 3
5 23
7 3
7 34
8 10
8 17
8 25
9 42
10 8
11 37
12 8
12 31
12 48
13 0
13 21
13 47
14 39
14 49
15 13
15 19
16 13
16 17
17 9
17 35
17 38
18 7
18 11
18 49
19 28
19 29
19 34
19 47
20 21
20 35
22 23
23 23
23 49
24 5
25 37
25 47
26 34
27 21
27 26
27 32
28 3
28 5
28 21
28 26
28 31
29 9
29 28
29 37
31 15
31 43
32 25
33 0
33 20
33 43
33 48
34 2
34 32
35 31
35 37
35 38
36 15
36 36
36 45
37 9
37 27
37 29
38 40
38 42
39 13
39 17
39 44
42 1
42 16
43 17
43 31
43 36
44 23
44 36
45 12
45 17
45 19
47 5
47 22
47 25
48 27
0 0
0 1
0 2
0 3
0 4
0 5
0 6
0 7
0 8
0 9
1 0
1 1
1 2
1 3
1 4
1 5
1 6
1 7
1 8
1 9
1 10
2 0
2 1
2 2
2 3
2 4
2 5
2 6
2 7
2 8
2 9
2 10
3 0
3 1
3 2
3 3
3 5
3 6
3 7
3 8
3 9
3 10
4 0
4 1
4 2
4 3
4 4
4 5
4 6
4 7
4 8
4 9
5 0
5 2
5 4
5 5
5 6
5 7
5 8
5 9
6 0
6 1
6 2
6 3
6 4
6 5
6 6
6 7
6 8
7 0
7 1
7 2
7 4
7 5
7 6
7 7
7 8
8 0
8 1
8 2
8 3
8 4
8 5
8 6
8 7
9 0
9 1
9 2
9 3
9 4
9 5
10 0
10 1
10 2
10 3
96 94
0 3
0 9
0 14
0 24
0 32
2 2
2 5
2 46
3 0
3 40
4 30
4 38
5 15
5 42
6 3
6 16
6 18
7 10
9 22
9 34
10 6
11 47
12 22
12 27
12 48
13 20
13 21
13 40
15 38
16 8
16 44
16 46
18 10
18 49
22 10
23 18
23 27
24 12
24 29
25 13
25 24
25 33
26 15
26 47
27 8
27 10
27 13
27 49
28 17
28 23
28 37
28 38
29 2
29 12
29 15
29 29
31 32
32 4
32 6
32 21
32 36
32 44
33 17
33 47
34 7
35 23
36 11
36 24
36 35
37 19
37 39
37 40
37 44
38 48
39 20
39 27
39 43
40 27
40 44
41 15
41 17
41 39
42 4
42 7
42 13
42 36
43 14
43 36
43 37
43 40
44 33
45 37
45 38
46 15
48 15
48 41
0 0
0 1
0 2
0 4
0 5
0 6
0 7
0 8
0 10
1 0
1 1
1 2
1 3
1 4
1 5
1 6
1 7
1 8
1 9
1 10
2 0
2 1
2 3
2 4
2 6
2 7
2 8
2 9
2 10
3 1
3 2
3 3
3 4
3 5
3 6
3 7
3 8
3 9
3 10
4 0
4 1
4 2
4 3
4 4
4 5
4 6
4 7
4 8
4 9
5 0
5 1
5 2
5 3
5 4
5 5
5 6
5 7
5 8
5 9
6 0
6 1
6 2
6 4
6 5
6 6
6 7
6 8
7 0
7 1
7 2
7 3
7 4
7 5
7 6
7 7
7 8
8 0
8 1
8 2
8 3
8 4
8 5
8 6
8 7
9 0
9 1
9 2
9 3
9 4
9 5
10 0
10 1
10 2
10 3
96 81
0 0
1 19
1 38
2 44
3 5
3 35
5 29
5 33
6 1
6 10
6 42
6 47
7 19
8 31
9 2
9 39
9 44
10 2
10 5
11 49
13 32
13 46
13 49
14 17
14 27
15 18
15 37
16 2
16 11
16 34
16 44
17 29
18 22
18 48
19 15
19 41
21 18
21 37
21 47
23 13
24 1
24 14
24 16
24 21
24 42
27 28
27 34
28 1
28 28
28 29
29 16
29 20
29 36
30 16
30 33
30 47
31 37
32 20
32 41
32 45
33 5
33 16
33 37
33 43
33 44
34 30
34 44
35 6
36 5
36 20
38 6
38 11
39 1
39 15
39 32
39 45
41 1
41 24
41 36
41 40
43 2
43 15
43 41
44 46
45 30
45 32
45 37
45 40
45 42
45 44
46 30
46 39
46 44
47 20
48 38
48 45
39 46
39 47
39 48
39 49
40 44
40 45
40 46
40 47
40 48
40 49
41 42
41 43
41 44
41 45
41 46
41 47
41 48
41 49
42 41
42 42
42 43
42 44
42 45
42 46
42 47
42 48
42 49
43 42
43 43
43 44
43 45
43 46
43 47
43 48
43 49
44 40
44 41
44 42
44 43
44 44
44 45
44 47
44 48
44 49
45 41
45 43
45 45
45 46
45 47
45 48
45 49
46 40
46 41
46 42
46 43
46 45
46 46
46 47
46 48
46 49
47 39
47 40
47 41
47 42
47 43
47 44
47 45
47 46
47 47
47 48
47 49
48 39
48 40
48 41
48 42
48 43
48 44
48 46
48 47
48 48
48 49
97 87
0 0
0 6
1 27
1 46
2 20
2 22
2 28
3 3
3 12
3 49
4 28
4 30
4 47
4 49
5 49
6 49
8 5
8 35
8 47
9 33
9 35
9 40
10 12
10 18
10 24
11 2
12 3
14 10
14 28
15 25
15 45
17 7
17 32
18 6
18 8
19 2
19 4
19 13
19 34
20 3
20 9
20 11
20 22
20 23
21 6
21 11
21 14
21 29
23 31
23 38
23 41
23 49
24 22
24 32
24 36
25 4
25 12
25 46
26 35
27 28
27 42
28 22
29 20
29 29
30 10
31 31
32 19
32 24
32 42
33 4
33 19
33 29
33 41
34 6
34 13
34 17
34 46
35 15
35 20
35 38
36 30
37 32
38 22
40 24
40 45
41 1
41 15
41 37
42 7
43 25
43 34
44 4
45 33
45 46
47 6
48 19
48 37
39 46
39 47
39 48
39 49
40 44
40 46
40 47
40 48
40 49
41 42
41 43
41 44
41 45
41 46
41 47
41 48
41 49
42 41
42 42
42 43
42 44
42 45
42 46
42 47
42 48
42 49
43 41
43 42
43 43
43 44
43 45
43 46
43 47
43 48
43 49
44 40
44 41
44 42
44 43
44 44
44 45
44 46
44 47
44 48
44 49
45 40
45 41
45 42
45 43
45 44
45 45
45 47
45 48
45 49
46 39
46 40
46 41
46 42
46 43
46 44
46 45
46 46
46 47
46 48
46 49
47 39
47 40
47 41
47 42
47 43
47 44
47 45
47 46
47 47
47 48
47 49
48 39
48 40
48 41
48 42
48 43
48 44
48 45
48 46
48 47
48 48
48 49
11 8
0 0
0 2
0 8
1 10
2 5
3 0
3 7
5 9
7 5
8 9
9 8
1 1
1 3
2 0
3 4
3 5
4 3
5 2
9 5
10 10
0 5
0 8
1 2
3 10
4 10
6 6
6 8
7 7
8 0
9 10
0 3
0 6
1 5
1 9
3 1
4 6
5 0
7 8
8 5
9 5
8 10
0 0
0 3
0 10
3 0
3 6
4 5
7 8
9 3
0 4
1 9
2 1
2 9
3 2
5 2
6 6
6 8
7 0
8 7
82 61
0 0
0 3
0 7
0 9
0 12
0 14
0 15
1 0
1 10
1 18
2 0
2 18
3 0
3 3
3 7
3 8
4 0
4 9
4 12
5 0
6 0
6 1
6 3
6 7
6 14
6 15
6 17
6 20
7 2
7 4
7 13
7 15
7 18
8 0
8 8
9 16
10 2
10 4
10 5
10 7
11 0
11 15
11 19
12 0
12 3
12 7
12 9
12 15
13 7
13 8
13 15
13 17
14 0
14 1
14 6
14 15
14 17
15 6
15 7
15 9
16 0
16 3
16 4
16 8
16 12
16 15
17 13
17 16
17 18
18 0
18 5
18 6
18 8
18 12
18 14
18 15
18 17
18 18
18 19
19 1
19 9
19 15
0 1
0 6
0 8
0 13
0 16
0 18
1 9
1 16
2 1
2 7
2 9
3 6
3 9
3 13
3 15
3 17
3 18
3 19
4 6
5 15
5 20
6 6
6 9
7 0
7 5
7 6
7 7
7 17
8 3
8 19
9 1
9 3
9 10
9 12
9 14
9 17
9 18
10 0
10 6
10 15
11 1
11 3
11 7
11 16
12 12
12 13
12 20
13 0
13 2
13 10
14 11
14 16
15 8
15 18
15 20
16 5
16 14
17 3
17 5
19 6
19 7
90 84
0 3
0 4
0 5
0 8
0 11
0 15
0 18
0 22
1 12
1 27
2 8
3 10
3 20
3 28
3 29
4 3
4 6
5 2
5 7
5 11
5 13
5 29
6 6
7 0
7 1
7 3
7 11
7 22
8 6
8 7
8 24
9 0
9 16
9 18
9 20
10 1
10 9
10 10
10 20
10 23
10 25
11 3
11 21
12 7
12 9
12 15
12 29
13 8
13 18
13 28
14 0
14 17
15 3
15 8
15 25
16 0
16 26
16 29
17 2
17 6
17 10
17 21
17 22
17 24
17 28
17 29
18 6
18 7
18 23
18 24
18 27
18 28
19 2
19 22
19 26
20 0
20 1
20 2
20 6
20 7
20 12
20 26
20 30
21 9
21 12
22 0
22 20
22 24
23 6
23 7
0 1
0 6
0 12
0 13
0 14
0 17
0 23
0 27
0 28
1 0
1 2
1 7
1 9
1 14
1 15
1 29
2 18
2 24
3 0
3 30
4 7
4 11
4 15
4 26
5 6
5 8
5 16
5 28
5 30
6 20
6 24
6 28
7 8
7 29
8 26
9 7
9 10
9 12
9 17
9 21
10 3
10 8
10 18
10 22
11 23
11 28
11 30
12 3
12 12
12 21
12 27
13 1
14 2
14 25
15 2
15 16
15 17
15 19
15 20
15 30
16 8
16 20
16 22
16 27
17 0
17 5
17 23
18 2
19 14
19 21
19 25
20 5
20 8
20 10
20 28
20 29
21 2
21 19
21 22
21 26
22 14
22 16
23 9
23 27
92 86
0 0
0 2
0 8
0 12
0 15
0 17
0 21
0 22
1 6
1 10
2 2
4 12
7 0
7 6
7 14
7 20
7 22
7 24
8 6
10 0
10 1
10 4
10 16
10 22
11 10
12 10
12 14
13 10
13 24
14 4
14 10
14 14
14 16
15 24
17 22
18 13
19 8
20 6
21 6
21 14
21 20
21 22
22 4
23 0
23 6
24 0
25 18
26 11
26 20
28 6
28 8
28 13
29 21
30 15
31 2
31 8
31 9
33 0
34 15
34 19
35 6
35 12
35 22
36 0
36 8
36 9
36 10
36 16
37 4
37 9
37 13
38 1
39 8
40 18
41 12
42 0
42 4
42 7
43 2
43 10
43 14
44 6
44 21
45 8
46 2
46 5
46 13
46 14
46 16
47 0
47 8
47 20
1 0
1 22
3 11
3 25
4 19
4 23
4 25
5 17
6 12
7 1
7 4
8 16
9 0
9 12
9 16
10 2
10 12
12 9
12 16
12 24
13 16
14 6
14 9
14 13
15 5
15 18
16 12
16 25
17 8
17 13
18 10
19 0
19 5
19 10
19 24
20 13
20 23
21 2
21 7
21 12
21 23
22 5
22 9
22 10
23 4
23 16
23 20
24 18
24 22
25 3
26 10
26 12
26 22
27 18
27 20
28 0
28 16
28 24
30 17
31 0
31 20
31 25
32 0
32 5
32 13
32 20
34 20
35 7
35 15
36 12
36 20
37 8
38 2
39 3
40 9
40 14
40 16
42 2
42 10
43 16
44 4
44 8
44 16
45 18
46 0
46 12
68 36
0 0
0 6
0 7
0 9
0 12
0 13
0 15
0 16
0 17
0 18
0 19
0 21
0 22
0 23
0 24
0 25
0 26
0 27
0 31
0 35
0 36
0 37
0 38
1 6
1 13
1 15
1 22
1 24
1 26
2 2
2 6
2 7
2 8
2 12
2 13
2 14
2 16
2 18
2 19
2 21
2 26
2 27
2 33
3 0
3 2
3 3
3 6
3 9
3 12
3 24
3 27
3 30
3 35
3 36
4 0
4 1
4 3
4 4
4 6
4 7
4 9
4 16
4 26
4 27
4 28
4 33
4 34
4 36
0 3
0 5
0 28
0 29
0 30
0 32
0 33
0 34
1 8
1 12
1 30
1 35
2 0
2 15
2 20
2 24
2 25
2 30
3 11
3 14
3 17
3 18
3 21
3 23
3 29
3 34
3 37
4 5
4 8
4 12
4 13
4 14
4 21
4 29
4 30
4 35
31 7
0 0
0 1
0 2
0 3
0 4
0 6
0 7
0 8
0 9
0 10
0 11
0 12
0 13
0 15
0 16
0 17
0 18
0 19
0 20
1 0
1 2
1 3
1 5
1 7
1 9
1 12
1 13
1 14
1 18
1 19
1 20
0 5
1 1
1 6
1 8
1 10
1 15
1 17
96 90
0 4
0 5
0 22
0 24
0 32
0 42
0 48
1 48
2 0
2 10
2 12
2 14
2 22
2 32
2 48
3 14
4 40
5 7
5 22
6 13
6 38
7 34
8 7
8 42
9 4
10 25
10 26
10 43
10 49
11 0
12 40
13 10
14 6
14 18
14 21
14 39
15 21
15 37
16 0
16 41
17 10
17 37
18 25
18 30
18 44
20 0
20 2
20 34
21 30
22 1
22 16
24 0
24 19
24 30
25 0
25 12
25 36
26 0
26 12
26 20
27 49
28 16
30 1
30 4
30 10
30 12
30 34
30 35
30 38
32 18
32 40
34 6
34 46
35 36
36 32
36 37
37 8
38 20
38 30
40 0
40 1
40 5
40 10
40 30
40 38
40 40
40 43
42 20
43 24
43 40
44 26
44 27
47 0
47 4
48 22
48 42
0 8
0 10
0 14
0 20
0 27
0 37
0 38
1 10
1 18
2 45
2 46
4 26
4 34
5 20
5 30
6 10
7 3
7 44
8 4
8 9
8 18
8 47
9 45
10 0
10 19
12 12
13 14
14 4
14 14
14 24
15 0
16 16
16 21
17 28
18 0
18 33
20 1
20 10
20 11
20 20
22 8
22 11
22 18
22 26
24 38
24 48
25 4
25 30
26 16
26 40
27 42
28 0
28 12
28 28
28 46
29 9
30 0
30 5
30 18
30 21
30 27
30 30
30 32
32 6
33 30
33 46
35 16
35 48
36 0
36 3
36 13
37 11
37 30
38 0
38 7
38 14
38 40
40 12
40 26
40 44
41 15
42 5
42 7
42 33
44 24
45 24
45 43
46 30
48 0
48 16
95 85
0 1
0 4
0 11
0 18
0 20
0 26
0 38
2 2
2 10
4 8
4 23
5 20
6 8
7 21
8 32
10 14
10 22
10 29
10 40
10 42
11 15
11 21
12 47
14 14
14 46
14 48
15 6
15 14
15 25
16 12
16 46
18 30
19 10
20 26
21 4
22 4
22 40
22 46
23 24
24 18
24 40
24 49
25 7
25 34
26 16
26 30
26 41
26 48
27 20
27 42
28 15
28 24
28 35
28 41
30 5
30 13
30 21
30 22
30 24
30 33
30 34
31 0
31 24
32 0
32 5
32 17
33 45
34 0
34 24
35 22
35 43
36 7
38 10
38 20
38 32
40 4
40 8
40 16
40 34
40 45
42 7
42 12
42 46
43 43
44 14
44 21
45 16
45 28
45 31
45 48
46 14
46 30
46 38
48 20
48 38
0 0
0 16
0 30
0 36
0 40
0 44
0 47
0 48
1 0
2 0
3 0
3 15
4 0
6 20
6 46
8 6
8 10
8 40
8 46
10 0
10 8
10 15
10 45
12 42
14 25
15 41
16 0
16 19
16 38
17 34
18 18
18 28
18 39
20 20
20 23
20 30
21 14
21 38
22 0
22 15
22 41
23 45
24 3
24 8
24 13
25 18
25 29
25 30
27 36
28 30
29 30
30 12
30 15
30 16
30 36
30 39
31 6
31 9
32 2
32 12
34 34
34 48
35 18
35 40
35 46
36 2
36 48
37 30
38 36
38 38
38 39
39 22
39 34
40 17
40 25
40 28
41 17
45 39
45 43
45 44
46 0
46 26
46 41
46 42
47 3